100 5000
13 -27 12
60 21 -92
30 73 -53
79 -35 -86
87 -86 -8
-38 -30 -92
79 -9 -30
48 24 67
-97 -17 56
14 74 34
15 -41 59
79 -39 16
-36 58 61
29 -38 91
-56 -20 3
-91 21 -99
39 18 -31
-15 77 -31
-63 -19 -85
69 64 -33
-87 -7 -54
67 -39 16
22 41 13
-92 -71 30
-55 -12 -79
78 -78 -63
-6 92 86
-59 39 -72
-8 -97 83
22 -72 100
-85 48 -90
48 -100 -53
74 30 -35
-100 -15 46
-38 21 -72
-66 13 45
24 14 -57
2 11 20
3 69 -60
25 -2 -95
50 19 85
26 35 6
-81 19 -89
49 2 -23
-82 -8 -30
30 64 -60
-61 96 77
-49 -95 -39
82 95 -54
-9 88 27
40 50 -58
89 -6 -6
79 -15 -54
18 40 -11
19 94 14
74 -43 18
-18 -65 35
25 -22 83
85 62 -7
-90 14 -100
81 64 -53
57 91 -42
-16 99 73
-23 -30 -49
43 -24 30
-55 -5 37
-91 45 -22
-60 -14 -67
-42 -36 -99
-27 7 -70
-17 48 -77
1 -35 12
-66 -96 -22
34 52 37
-8 -66 -56
31 -6 13
-98 -56 55
14 41 -97
48 -17 24
-88 -75 46
76 87 21
73 65 -55
-99 -73 -61
96 -94 -81
-32 98 -54
51 9 99
25 80 61
-63 -42 67
-4 -1 -18
-62 68 -55
67 -20 33
-46 97 78
42 -5 94
-63 -84 49
-17 92 -98
17 15 -82
10 -84 -38
-83 -71 -64
46 -60 74
-18 48 -55
23 -62 -38
26 -97 -66
-23 82 38
-31 92 -49
50 5 -9
92 84 -100
75 61 10
22 -48 -17
-7 5 39
84 71 48
-20 4 61
12 64 -82
-66 29 -32
-13 42 39
-97 35 59
-91 -65 -79
-9 -34 -44
15 71 83
30 51 -63
-6 77 25
-28 27 -55
-50 84 7
-27 81 24
-92 -84 98
-38 -42 75
61 -36 -50
-45 -44 -22
78 3 -56
52 -90 95
-25 -47 -72
60 24 68
81 52 -14
-25 -65 -44
-71 -79 -44
21 -78 96
-11 8 60
61 94 65
-63 10 52
62 2 71
-11 90 -79
7 -11 84
-85 95 99
52 45 -99
62 22 41
-63 58 33
26 70 73
-23 83 -69
-1 -41 -23
-38 45 56
-15 94 33
-29 13 85
65 74 73
21 16 3
71 72 42
-23 -8 41
37 23 -22
77 46 90
5 45 -1
-79 77 -78
40 -44 66
-29 82 -67
-8 -15 -72
81 71 -97
18 39 61
-36 69 -16
82 -3 14
39 -19 64
54 75 -30
-29 72 15
65 19 -82
-46 -5 89
30 8 -3
-1 46 79
2 -90 98
93 21 -100
-98 -56 -47
-90 79 77
30 -50 61
-95 -92 84
2 -46 81
94 80 -45
93 -7 -41
-12 -39 -8
96 -14 98
-38 25 -33
49 74 -71
-78 26 -79
-82 3 74
-45 63 71
67 3 -96
-90 -91 68
-66 -33 73
24 34 29
-86 -91 92
-1 29 -32
-91 -94 100
-57 92 -19
16 74 -75
32 60 9
76 -3 -32
91 -99 -68
-60 16 81
92 49 98
14 -78 8
-17 93 -81
24 -8 46
91 90 -38
8 18 10
-40 -42 51
-87 49 -58
-49 39 86
31 61 -43
-20 76 34
-87 96 -100
72 34 47
26 86 -78
95 42 -89
71 57 -22
-86 75 95
88 -7 11
9 80 -89
-57 15 37
-50 -51 88
-26 81 -60
69 -47 15
-7 -63 54
9 85 -22
18 -39 -60
-63 -44 18
-56 -79 87
10 52 1
-92 27 -28
1 -95 31
42 72 -51
85 98 10
-29 -13 -40
-1 15 61
-71 74 -48
-100 -17 39
-33 51 20
-77 70 -64
-11 -78 5
-70 -31 95
52 -32 85
-90 99 69
66 -56 86
-61 -4 32
-63 35 5
85 -9 59
47 49 -54
17 2 -38
-56 88 85
-32 31 82
3 -88 -51
20 -90 -83
-89 -18 99
21 -82 -11
-40 24 -65
-45 -80 5
43 -83 73
-22 -98 64
54 76 -89
-59 48 -28
-22 -23 -27
-10 -95 -19
59 90 46
-58 10 15
83 -65 -22
10 -2 4
91 2 19
13 33 -83
97 43 94
-26 64 83
-73 25 78
32 -29 6
-29 62 -54
-86 -57 59
85 -20 32
-8 88 12
90 2 44
-72 -31 48
-38 -50 -60
87 20 48
34 30 -19
50 59 -55
-68 -15 -14
-28 19 -47
-39 -72 37
52 -71 56
-88 -33 -67
3 -59 -82
77 97 44
-17 82 17
44 -80 37
-26 81 -15
1 -65 -91
-18 -85 -65
-17 79 23
76 98 -63
-76 61 -31
40 52 96
35 28 16
23 27 79
85 79 19
89 -60 -27
57 93 -86
97 -64 -30
67 2 71
-26 -90 -80
69 69 -56
-94 68 -70
95 33 -55
3 -84 -52
-10 62 -22
-23 -72 -5
46 49 69
-21 -44 79
-23 58 25
81 96 97
-62 -96 -4
-94 -84 88
-86 -5 77
-44 -10 -41
-1 -74 18
1 -86 60
-45 94 -78
42 39 -53
73 -59 60
8 -90 -63
85 92 -50
25 55 70
-66 31 89
-16 -36 -89
-20 1 82
57 73 44
83 -88 -33
-100 -49 -78
89 -15 94
-25 -25 -53
-39 -97 44
-47 70 -87
10 76 22
20 -29 52
96 -83 -41
-23 -45 92
24 -61 34
82 -94 -95
77 40 -70
-54 89 42
-80 -68 18
62 21 -43
-85 88 61
-18 13 92
64 53 -11
74 -51 -45
34 90 -57
12 -20 6
-17 65 81
-78 -34 -75
92 -50 -64
-85 -28 -65
87 -17 -33
59 -55 73
66 83 63
8 -59 16
-55 66 27
51 47 10
-71 -69 -45
-23 -8 -58
69 85 20
69 -1 -78
26 -9 17
-70 14 -6
-9 87 40
-42 -3 76
59 -44 -40
-67 -8 -74
-17 -96 -96
-63 -68 39
40 -35 94
-69 69 -97
-85 68 76
65 -26 5
3 19 -13
4 55 13
37 87 -17
-77 -16 74
25 -54 17
-54 -16 -1
39 -83 37
37 60 76
-58 23 98
79 -54 -81
44 41 -16
53 70 -57
-55 85 75
-85 -55 -73
-36 32 -43
41 -67 55
-13 34 -85
-38 48 21
-69 -72 -82
75 83 90
82 -73 -34
26 44 -98
41 21 19
-52 96 71
11 57 -35
-72 52 39
49 57 45
43 -50 90
100 22 -12
84 35 -39
20 84 87
30 56 90
-62 -65 -61
-9 85 -68
-43 31 87
7 61 -2
-26 68 -72
20 31 36
-84 7 59
-98 41 -26
99 37 72
3 16 -60
25 30 -40
42 87 -82
-31 75 -52
-4 -34 -16
65 97 -8
-18 -49 88
42 60 -80
84 51 -18
2 90 88
-90 -16 34
-62 80 73
40 -68 66
14 88 -56
80 -67 63
77 -57 -71
-58 -43 13
-4 59 -33
-53 6 99
-88 -3 91
25 53 -44
-65 59 -87
44 -65 -69
-62 -38 77
18 72 49
90 -45 -12
-1 91 96
68 94 -31
-25 100 51
-85 29 -1
86 -96 97
15 12 75
21 44 -52
56 -61 -36
6 41 -67
-81 24 67
-82 12 -15
100 -84 36
77 88 14
40 -44 -97
-14 95 -24
2 8 21
-7 89 -77
22 -68 99
70 90 -36
-62 73 85
13 -81 33
24 54 -17
62 -2 -18
-56 31 49
98 28 -68
67 71 -23
1 -31 73
70 91 67
-92 51 -79
-11 22 -72
-37 -32 46
86 89 73
44 55 10
-29 85 -61
-52 -58 22
-52 96 -30
-26 80 -19
-31 -33 -50
-3 43 -42
-19 -17 -40
-77 -58 -98
90 49 100
-86 52 -11
52 99 -70
-69 -38 33
-3 27 -8
-61 7 -4
28 -58 -47
59 -8 99
61 -16 -54
-14 44 -46
-63 -67 56
15 6 6
35 -43 -25
37 50 -82
-50 25 48
50 13 68
69 -87 10
25 -31 49
32 -33 -54
21 35 -90
-42 -96 25
-31 -1 -10
-86 -49 97
-14 21 -92
-70 2 -73
39 -30 41
-75 62 85
31 -50 -97
72 -42 44
97 16 -58
80 -49 -99
78 48 -13
15 77 -78
76 73 -7
22 13 59
46 6 1
-48 94 -53
-51 -92 -58
35 99 -92
-61 -61 62
-67 50 -52
28 1 64
48 -69 10
-47 17 82
38 97 -56
95 99 23
-33 30 40
-94 -15 42
-64 -73 100
14 9 -75
5 90 4
-18 14 33
-27 27 89
-6 100 37
-11 -89 78
11 98 53
-78 62 -92
-45 50 76
-72 28 -17
-24 99 -93
56 -44 -50
39 82 84
-55 -86 -66
-68 60 15
-58 8 100
-85 20 -1
-40 -65 -18
21 59 -17
-71 -9 62
27 11 31
78 -6 -84
70 35 -57
-99 59 13
-11 -38 6
64 49 -23
-50 -39 96
85 -44 98
70 89 -73
84 29 -8
80 97 38
-96 37 -85
69 -56 -63
58 44 52
6 27 -15
39 -53 -100
53 -63 -44
-3 -26 -14
54 56 20
86 18 85
-20 -47 -29
-92 -69 -17
86 -33 -86
86 76 -42
-3 19 82
35 -96 83
-6 -47 47
-47 -58 -88
57 -26 45
-7 -26 19
78 -65 85
3 -36 42
-36 68 70
5 37 14
-3 -78 -39
45 81 -82
87 9 -63
-37 -41 88
-29 -45 -65
-63 85 -15
20 87 -9
-6 -88 -70
-11 -34 -27
51 99 2
-47 -60 32
-90 58 12
-1 -61 -39
1 1 30
-21 -68 3
62 64 23
-10 92 -50
2 -40 36
10 -75 -95
94 25 -58
-61 34 98
55 -10 64
86 4 43
68 2 -80
-81 -64 62
-37 -16 52
83 -69 93
66 13 99
84 48 -45
3 57 40
-99 -92 7
-75 -47 -50
-46 -94 30
-37 15 -17
-8 43 -70
24 89 -91
27 74 81
-77 -28 -100
64 10 -60
-79 48 10
31 85 -10
-86 -100 -100
-69 -96 -49
-22 -9 -30
-76 78 -53
78 -89 -65
-79 -48 30
-62 98 -23
89 -81 83
-2 24 -97
-82 -50 85
72 -76 7
23 91 64
6 82 -67
-80 -20 68
-100 -59 47
-11 -29 -86
10 38 -74
-92 88 21
9 100 61
37 42 6
14 -26 21
23 55 92
-28 95 -89
-76 -36 27
64 -48 -7
10 -37 -94
12 65 -20
-31 -36 -73
-78 3 -40
-10 -28 -91
40 -59 -96
-68 -54 54
-11 7 52
-52 16 2
-4 -80 -77
-3 88 -63
-9 5 5
84 -86 71
-90 21 39
-34 65 -8
-22 74 -19
-68 37 -84
-11 -27 68
-99 -67 88
-81 -12 52
95 78 42
9 -56 10
-36 66 71
-6 7 7
90 82 -48
-81 9 -96
89 -19 -25
39 -14 -27
83 -19 -92
-41 2 3
-39 -37 -84
-55 -32 -92
-10 21 48
-4 -100 17
50 -88 -90
73 47 -39
-14 48 -52
89 -90 -44
-35 -15 -90
-74 97 78
-65 -63 -7
-4 12 -89
-46 -45 -5
-53 67 64
11 30 10
86 27 88
-21 11 20
-10 2 74
-67 -25 -95
-36 1 -10
14 48 94
-91 68 -18
46 -34 28
-57 -63 -77
89 -82 35
-31 -58 -67
-22 -87 -86
-34 6 -16
-73 91 63
-43 10 -59
51 -7 30
-55 99 58
41 -51 61
86 42 -4
79 -77 -91
26 -58 2
-42 97 52
-72 -11 -38
34 95 1
6 -40 75
-17 -89 -57
22 -62 10
39 -94 42
-32 21 57
-46 4 -63
-60 68 46
-42 61 -23
-67 57 60
42 -63 -31
61 -59 -48
-91 41 -41
-31 -43 12
-94 -41 57
91 -62 -31
-4 -64 -4
-37 34 -64
-22 -11 85
12 20 23
-43 -9 72
-15 32 -13
35 82 -46
-47 -59 87
-15 -78 -71
-4 -42 83
-86 34 -84
46 -55 66
-27 -12 91
-59 12 80
-7 -76 97
89 81 -52
1 -79 -8
-40 2 -46
79 -1 89
-84 -77 57
49 45 51
62 80 24
-58 -13 67
-23 -40 -21
-20 -95 27
33 96 55
32 99 39
-11 97 -75
-19 99 -36
8 9 81
90 -71 -95
-26 -4 21
62 56 -95
68 -79 47
-7 -6 -70
43 67 43
-37 89 -68
-14 -24 60
-93 99 43
-69 65 46
-72 -34 76
39 -94 -52
49 18 -48
74 -28 30
54 54 -45
12 -62 -10
-42 -32 21
6 -13 19
-49 -93 -13
-95 -66 91
-68 5 13
95 -42 99
-46 -87 -45
-80 90 13
85 4 22
20 95 -45
-75 -44 32
29 -66 88
73 -23 -2
-29 -82 -35
31 5 52
-7 -6 42
-97 -71 -27
62 -94 18
48 3 -99
-20 45 19
-6 -94 30
65 -98 5
-65 -90 81
26 -27 6
-9 87 31
-22 85 31
-36 -24 -60
6 46 -2
29 -74 -86
26 32 42
15 50 72
-56 -58 72
98 6 -1
93 -87 28
-66 7 -64
-7 8 -67
93 6 -81
33 6 -97
37 -51 -80
-33 -27 92
-57 53 -38
46 -13 56
39 -44 -23
46 32 -17
-72 -67 -12
10 31 74
20 27 -29
72 2 41
74 92 84
-92 38 -17
-48 94 32
-45 93 -95
-22 -37 31
37 62 68
43 46 30
-41 70 -96
83 -24 -35
-28 76 -82
-4 79 40
9 2 -59
79 -38 -10
24 -39 -63
30 4 -46
74 74 -63
-99 -34 -94
95 37 -30
71 -79 -17
-38 3 90
93 77 67
-51 2 -58
-28 84 51
-85 72 -22
8 18 -23
15 -54 -52
-5 91 -39
17 -86 27
64 54 -7
94 -92 30
-59 -92 -23
-14 -1 28
53 -56 43
52 -93 -26
-17 65 -28
25 -81 -76
-66 -93 -73
3 10 44
84 82 -61
77 7 72
-39 -62 -87
-82 -28 78
-72 32 -36
27 -82 -68
84 -44 12
-100 -4 51
-95 -87 2
96 18 25
18 -37 24
-5 -83 -55
11 -16 89
95 5 98
-52 87 -3
-51 -36 9
-9 -69 -23
-67 -3 -21
86 35 92
40 29 -3
-53 92 51
4 -84 -36
-97 81 20
58 48 10
68 98 78
-1 -59 -19
-6 60 -15
4 60 -13
98 68 -66
84 75 -100
-59 -65 -55
-28 24 -76
-78 -88 54
27 -80 -70
83 -78 -9
44 56 92
-36 -6 91
-64 24 3
78 -91 30
-23 59 -47
62 50 77
-22 93 -67
-85 15 35
-77 52 80
-17 5 -65
-30 -11 -26
16 -78 39
47 31 24
-14 64 -2
-46 88 -79
-14 36 38
94 15 58
-50 -84 -86
69 -79 51
-79 -84 -54
-9 -23 -9
-90 -68 -77
89 -15 51
100 -54 -71
-78 -68 99
-63 54 7
84 -36 7
79 40 -9
55 32 1
67 -55 28
-35 -66 -27
68 -89 29
98 -86 -9
59 7 63
-2 -77 28
-66 31 -95
-77 33 67
77 97 4
46 29 23
-40 -59 -79
-97 -31 2
-56 -50 -90
7 34 11
-54 -19 10
-37 32 7
60 -48 -20
37 45 97
-77 52 -92
46 51 -87
-11 10 -45
-24 53 97
2 89 -51
-67 -66 -64
57 29 -16
52 36 6
35 -61 48
71 82 -41
-56 57 46
-98 71 88
15 67 23
-74 20 -4
62 26 46
57 -33 -20
83 -86 36
-61 62 -60
-63 59 -19
-18 -78 2
-86 -27 -51
45 -15 85
-92 100 1
-1 63 -57
58 32 88
-5 -50 57
83 -42 77
93 41 10
86 -18 12
91 39 52
74 -81 40
46 -64 -5
24 70 -30
85 91 -14
-54 -45 99
-56 -84 -94
41 16 32
3 58 74
17 60 55
-40 70 64
42 -21 -4
-91 95 70
11 -70 7
-35 64 99
93 16 17
24 43 -46
-8 -12 25
-63 14 40
79 -25 93
-20 -28 98
43 -66 36
-89 20 82
49 21 30
-4 -23 99
-85 36 -38
-37 76 -37
-63 97 -82
44 69 -77
-36 -93 -67
91 69 -20
-29 -63 6
-8 88 -67
50 41 16
79 -75 -34
-36 46 -5
61 38 -67
-65 62 -65
13 92 -46
26 -50 -80
-94 44 53
-5 33 6
-25 68 -67
92 50 61
88 90 70
51 -27 -8
77 -88 -23
48 62 17
-9 30 31
-3 -98 -17
-76 27 -66
89 94 -23
12 -33 -46
-16 -62 -59
-39 65 6
-76 70 28
93 41 21
2 -10 76
-80 -4 -91
21 -37 39
87 91 9
75 63 -75
-13 82 -22
-47 -55 -46
-28 55 30
-95 68 29
91 40 73
27 -51 -14
82 -86 70
46 -43 -51
100 50 32
-31 -40 32
53 -16 66
72 -62 9
-41 17 34
-44 -3 38
-71 78 -9
-26 9 21
31 -56 9
-38 -8 30
-14 56 -22
46 -89 20
-40 81 58
-84 -1 -39
-23 -15 -75
-56 -61 51
95 -54 -85
61 -78 -32
87 -43 90
-88 36 10
-97 24 -36
57 -86 -48
80 86 54
-91 100 37
-67 90 -3
-2 92 57
32 97 72
-38 -82 50
79 -49 100
56 -45 45
6 15 99
71 28 74
-96 60 83
-32 -68 12
93 -41 -84
69 83 -11
-1 64 5
-49 32 -80
-35 89 -84
-55 58 81
-9 75 10
-67 2 67
54 3 58
-46 -28 51
61 71 -9
2 -2 -25
46 -68 -35
51 -43 -63
-30 -85 12
-74 -79 -78
24 -99 34
93 63 81
37 -65 -35
60 53 61
-1 -57 -22
53 -11 88
-88 81 47
-61 16 87
60 19 -74
-6 98 -33
-95 -15 -30
43 -1 -16
-16 93 -17
-39 48 55
83 -66 19
-61 76 69
35 11 -78
-82 99 63
15 -50 62
37 -35 -52
-98 -50 -71
-60 91 -5
-44 64 95
31 49 -8
-91 59 25
22 -1 98
2 -34 52
47 94 57
-35 31 -31
34 94 -4
-8 15 -48
14 97 -55
45 39 18
40 45 61
20 60 -22
-87 -6 -20
-50 58 -57
70 -50 11
99 13 -3
80 -82 80
-79 -90 -77
65 -4 -76
-6 -60 -31
88 -7 -24
36 -21 30
-60 -18 -54
46 -48 -70
48 6 39
-69 -67 -40
8 -55 -6
45 88 5
-10 62 -32
22 97 -12
-38 -8 -84
-85 1 -55
-8 4 60
95 42 46
1 24 18
-54 -28 -74
-38 59 -48
-55 -30 -88
55 -55 -62
-77 33 3
5 -95 63
48 11 -48
61 35 49
21 -27 -67
-1 -82 43
78 28 61
73 69 52
42 -96 -100
-91 97 -92
80 -59 91
93 -12 35
-54 -8 -16
-68 -23 83
88 -65 -5
50 -14 55
79 88 -53
-69 -2 -40
3 24 -82
-97 40 91
53 93 -18
8 96 -20
87 35 85
83 63 18
97 22 -4
33 71 -67
72 65 54
5 89 8
100 -63 -92
14 46 60
38 -53 25
63 -44 -87
-77 -5 87
-40 72 -91
15 -75 33
92 -29 -100
66 88 20
-3 45 -11
95 -65 -100
-39 -27 -81
-23 41 8
-53 27 -35
-74 -57 -59
-81 -94 44
-98 -47 81
2 -12 13
-50 -3 -6
-18 -22 29
2 -53 97
8 57 57
-15 47 -36
13 -67 25
95 -54 8
24 8 98
63 87 -38
-45 84 -1
62 48 56
24 45 2
-45 -53 -7
-13 22 5
-68 -49 23
-56 18 21
19 -71 -57
96 -28 2
-45 -36 -10
-45 -20 58
-17 -44 15
-37 76 11
-52 91 -52
-17 48 51
67 85 -51
-62 26 -13
-28 8 47
49 7 20
84 74 33
-39 -38 -81
-87 87 -10
1 -94 73
54 -6 42
57 -18 -42
36 -66 -98
-74 70 1
-1 4 5
-14 -10 -40
78 41 24
56 5 23
98 10 71
-16 80 -30
-93 -4 -25
30 3 21
8 13 -92
51 44 2
97 -40 95
-99 -57 25
47 100 20
93 -9 22
64 2 -66
86 -92 -8
83 -32 -16
32 5 -4
-47 59 78
-94 -46 14
52 -62 65
21 -47 -83
-42 18 91
-31 -1 -34
95 -14 -53
-60 -77 11
34 -1 -77
24 31 11
-88 52 69
-97 27 62
46 12 -32
-84 -45 92
-44 -8 14
-86 -79 -72
86 -49 -74
-8 91 -86
-16 -80 -27
10 -60 -47
-71 -15 82
79 25 -86
96 68 -96
-92 -27 64
-1 3 84
-59 -18 -58
74 -88 -24
-88 8 -94
-88 83 -90
-39 -2 -47
69 -34 100
-31 59 -55
95 58 -63
88 -72 77
62 93 86
-56 -56 -39
-1 30 87
48 -46 71
28 74 76
-31 52 -44
-1 -88 -30
49 53 97
60 27 -96
15 -10 -41
-28 19 -1
76 31 -83
37 83 81
74 -20 79
-15 60 5
50 87 56
99 -43 9
46 -61 81
-71 89 12
74 -56 -16
79 -45 -63
3 -79 53
99 -95 14
100 -5 -71
94 71 -14
-10 -32 -69
8 57 -99
12 -34 -29
71 58 25
-24 61 13
-47 94 55
36 -9 9
39 21 7
2 73 95
-44 -62 97
67 -84 45
-20 -47 -16
69 -90 -21
44 36 -36
97 65 -37
59 -47 67
-95 38 -85
39 78 46
94 5 2
98 -95 34
40 -87 38
60 -44 96
-97 1 18
-39 10 64
-28 8 -9
-22 -62 -31
46 -98 67
-81 -70 10
70 9 68
21 28 -45
-66 45 -77
29 4 35
39 -24 2
-85 -56 -33
82 -88 43
4 27 38
47 4 -16
67 91 -82
32 62 -7
92 -72 -67
91 -38 8
-30 -89 72
53 72 64
71 35 20
89 57 -83
-66 72 -55
4 89 56
91 35 -21
-4 -8 -56
-8 45 -13
30 23 31
41 -99 -10
-6 -45 -71
79 -80 24
-4 -20 71
-60 -78 -44
-4 -14 3
-79 -47 18
27 -25 50
52 73 -16
-14 7 -5
-45 77 -80
-54 82 -28
11 34 84
-77 60 -79
-73 -62 39
63 72 -94
91 -55 -1
8 14 -47
-5 12 39
-26 65 37
20 18 -90
72 -90 35
-22 -92 82
84 -87 12
-11 -78 -16
64 -93 75
89 -50 -59
69 -10 35
-75 32 -32
-85 -55 -99
57 89 -46
-28 48 69
88 93 -49
10 -95 -100
-30 -9 -59
-94 -94 -51
14 93 51
-19 54 -59
-55 -90 8
-34 49 75
72 -51 32
-97 82 -88
63 76 80
93 77 98
-82 -69 -87
42 81 65
9 84 37
-45 47 -25
72 -74 76
-57 -94 70
21 100 71
-92 -57 -94
89 -78 -9
47 33 14
-8 85 78
70 -53 34
9 -67 -79
-61 52 10
-69 -26 5
62 43 2
92 70 77
-55 89 -3
-5 35 12
18 -76 12
-87 -91 57
-69 13 -2
25 -56 -63
77 27 -80
19 -51 69
42 -65 -79
-36 53 70
-67 51 -78
-56 20 -96
-39 19 40
-99 -39 -53
-44 49 18
80 -45 3
86 56 48
-100 20 -96
-66 -76 59
-6 42 -97
-9 27 76
52 49 -49
43 68 37
-97 17 12
-88 27 -29
-17 63 -83
-88 -81 92
-15 60 -22
-16 -27 45
9 -71 48
14 -23 -91
-34 -100 -54
10 56 -95
28 64 -99
70 46 73
70 -71 -60
72 -84 41
10 -23 49
-69 19 -14
-93 -22 -24
-83 20 -91
15 -67 -70
95 -39 -66
3 42 -13
-73 -46 -25
40 -6 96
-99 26 48
-1 15 30
-75 -9 9
-78 -82 -61
66 -63 46
74 -95 99
86 -46 -16
-57 -14 10
-14 24 -37
-72 60 26
45 66 48
-32 -72 -65
46 90 -22
-91 -79 92
89 45 -81
16 14 -44
-15 48 -39
63 -29 -7
-71 43 19
62 31 58
-70 18 -55
38 -48 13
41 -59 -90
-36 -32 -13
-20 -66 62
83 -73 69
92 55 5
36 9 -79
-59 47 2
-50 -89 77
-23 98 -41
29 -48 -63
94 84 74
-16 -20 64
33 -48 -12
93 2 -39
11 -23 -58
37 15 -24
8 92 91
-38 -24 45
41 -3 -97
37 -13 -6
-76 64 33
-44 -61 -100
68 -83 -61
9 46 -88
7 -36 47
-2 -43 13
23 81 -67
-55 63 -21
-100 -3 5
47 25 -28
-37 18 36
-99 -71 40
19 88 -54
78 15 -56
-4 -5 -73
29 -44 29
1 -53 -76
-35 34 -87
21 19 -32
81 -45 68
-94 -23 -38
-80 -93 -16
-11 -30 -9
21 -36 -54
-60 -61 -14
93 52 -2
-12 -36 -39
57 -78 -34
-54 98 -56
77 -27 -16
64 29 -80
-25 45 72
48 32 -55
-73 -35 -8
54 -5 57
-42 -14 -24
75 48 -70
5 78 -75
62 78 24
-48 -61 24
15 -39 34
88 -67 98
13 38 20
52 -90 14
41 23 -64
-44 -20 20
-76 -28 -10
12 53 -27
49 -53 15
-84 -41 -19
-96 -40 -39
-37 18 32
75 42 56
35 59 -24
18 89 86
79 -70 -72
-58 39 75
92 -71 26
26 -94 -71
89 -2 58
70 -26 81
-83 36 -1
18 20 8
-86 -22 -99
68 -37 -61
-15 66 -50
-73 82 -100
-64 20 -48
66 9 41
95 -75 48
-55 98 -58
90 -53 43
-24 -17 32
-44 -37 48
25 -38 -39
78 48 -43
75 34 -92
-97 83 -91
-6 6 -40
-44 -47 -64
49 80 -4
-95 19 72
-25 37 38
-55 -38 22
69 47 51
-51 -31 -56
-78 58 90
83 48 31
-23 -17 26
-98 -39 41
29 -41 98
89 8 -64
22 68 -42
16 -71 -69
55 92 52
-71 52 -72
34 20 66
1 -21 81
-51 -49 -11
93 53 -59
-31 -21 -1
-41 -49 54
2 -19 -42
35 -44 -41
-68 79 -14
64 28 -63
-21 59 99
4 -10 2
2 -7 80
4 -35 9
-61 -21 25
48 66 99
69 29 -73
1 64 1
-19 -1 -39
-44 39 -94
13 -69 70
-9 46 -35
-97 -60 72
-22 -52 56
17 31 5
-45 58 -9
23 -47 97
43 -81 73
49 85 -70
26 89 91
25 10 5
-8 23 -30
-38 -53 -30
70 -67 68
-88 29 97
-86 39 -43
-94 1 -11
-42 -43 96
-50 9 65
-41 13 -1
-89 66 100
40 -83 53
-34 94 20
-58 95 -3
65 -54 28
-90 -95 47
-85 5 7
78 10 -58
-68 68 97
82 41 -76
-1 -6 -25
12 11 -41
-51 -4 83
-87 97 -69
-24 49 62
-77 -44 -17
-63 63 35
61 -74 59
74 50 12
-90 29 -11
62 19 39
11 -95 93
-94 -92 35
-60 -57 -90
-66 92 -36
31 -36 45
-72 -86 67
-86 -24 -7
32 57 -76
-29 -42 -53
74 43 75
-7 -41 -53
-100 -6 85
40 -82 -62
92 44 -50
59 13 -24
-41 -2 -69
-22 -19 -87
-36 -21 79
97 11 66
96 -95 67
34 82 96
-68 -85 -63
31 79 27
-97 -18 64
-49 51 37
-88 68 -89
-42 62 -58
2 2 59
-30 68 85
60 92 -12
80 95 -58
-55 8 96
-22 -63 -93
87 -47 20
25 22 -68
96 16 -21
52 41 69
32 -99 97
62 -26 -32
-65 62 27
25 53 6
96 -79 38
-95 -86 98
-54 28 -45
-89 -88 88
-30 -45 48
22 -54 77
-20 11 -36
5 65 44
37 -29 -36
-3 92 -32
21 13 42
78 -43 -65
-26 -12 -77
-55 11 -66
21 71 -20
31 57 -46
15 -50 -6
18 -25 87
46 76 27
-63 23 -100
27 47 -56
-45 88 42
65 52 -81
-70 10 -69
35 -96 -86
7 -61 71
20 -30 29
99 12 78
96 -95 32
-44 -23 -12
-84 18 89
68 3 72
5 66 68
55 -65 31
57 -25 10
13 -41 92
49 -66 3
-69 -17 -34
21 -55 -94
70 69 73
-69 96 84
91 8 85
-67 65 -2
-78 80 49
-25 -96 75
77 -27 -4
-63 73 -25
-34 2 -46
9 -67 -88
-66 26 -11
-55 -29 -30
-49 49 19
-34 -6 -43
24 23 66
84 81 52
49 -23 -15
-27 -72 79
-1 -50 27
-14 -40 -1
77 59 -16
85 -62 51
5 -25 20
20 -1 -44
-78 -74 -12
49 40 56
-78 37 -82
-26 48 -7
2 -15 -74
85 76 97
-6 -41 50
10 -86 -98
99 -1 87
18 25 -66
64 -86 11
44 62 75
86 31 100
-38 95 49
-2 13 11
-75 37 88
-82 -9 57
-17 26 -46
73 -58 -35
-49 -64 3
-12 -61 -47
-6 62 -45
-60 13 97
-31 39 74
-76 -27 -59
-91 2 17
20 63 90
49 -23 1
-9 -15 96
-40 12 -60
-94 -20 -16
18 -10 -77
-60 -46 72
90 29 32
6 78 97
-98 -96 40
48 98 50
-70 72 -59
-25 -65 -34
-53 -10 -90
-62 35 -93
-48 2 -49
37 -86 -15
68 -86 -73
-16 68 26
-40 -80 68
-82 -92 80
-60 27 60
-51 -66 -51
82 -75 -55
98 -6 76
21 -70 -43
-64 83 -26
-97 89 49
-93 64 56
-43 81 87
74 68 17
25 -26 32
27 -26 -51
-99 -75 9
62 58 -67
-80 76 -45
-83 -43 99
24 81 38
68 -4 62
96 -55 -60
91 60 -6
73 76 62
76 -98 -84
-41 -86 3
87 -70 -43
15 -33 25
-76 19 23
39 74 36
-98 68 63
-2 23 26
-84 63 -58
2 89 94
52 -16 71
63 -43 12
73 14 -95
-88 -57 -44
-10 -76 -1
76 34 80
-37 70 -33
85 67 61
98 -53 -18
-34 49 -36
92 -61 -10
4 46 -22
-76 -62 -71
-60 -67 -12
-79 36 96
-99 -99 41
49 3 1
91 -72 96
-67 65 91
23 -68 -67
31 -100 41
-87 98 -43
-58 -80 -81
-26 -93 -38
48 -30 54
43 57 -23
80 -47 -55
43 -4 -72
47 46 -64
96 69 100
11 9 69
84 -37 61
-18 4 19
-46 54 -29
81 -5 -24
96 22 -90
4 54 -14
49 -43 76
13 46 95
-73 10 80
81 -10 -86
22 -14 90
44 -56 -41
-96 91 -65
89 -59 -5
95 18 3
-84 -51 33
81 75 76
43 -47 -36
-28 -44 -20
70 -82 -61
-22 57 78
40 89 43
-88 33 -62
-7 -10 -84
-14 53 95
56 -14 -64
54 67 75
18 -24 19
90 21 -54
-23 46 -59
-82 -59 -8
42 78 17
51 -73 -64
-28 40 78
27 -100 -82
10 -68 40
-66 -92 21
53 3 -91
17 -96 52
-23 15 28
8 -69 -52
82 69 -89
97 -86 22
21 57 -38
-6 -65 -45
21 -25 8
-65 -88 -10
-18 51 75
64 -24 -55
93 63 -45
-1 -41 93
-3 -78 -78
-11 -21 60
-21 46 62
4 -6 -75
40 59 6
-83 -97 62
68 -27 -22
93 53 -13
-22 -42 -70
71 78 -39
-90 13 -23
71 69 64
-63 -88 72
16 2 9
92 -54 -87
-76 -61 76
18 14 -28
-83 100 8
47 59 -84
-69 37 -35
3 -54 -74
-13 48 92
-23 31 -29
50 88 -52
-10 34 -57
46 16 -92
28 -69 -31
14 83 -73
-22 -72 -8
-14 52 -3
1 -84 86
52 -78 54
-8 -1 26
-65 -24 -55
72 40 19
-16 45 -28
-74 -93 76
-56 62 92
-100 -47 -62
57 -28 -86
-97 69 12
83 34 -24
-68 99 88
94 -16 9
-49 60 76
-96 -85 -28
15 -33 -17
80 12 23
29 44 19
49 4 80
48 -4 -25
34 16 24
84 -1 -55
75 57 93
-35 33 -19
-23 69 -12
88 40 -52
43 15 65
-58 50 22
11 -74 96
22 15 3
-30 81 82
-8 37 -47
69 5 -96
97 28 38
-42 -53 76
17 39 -38
92 -72 -67
82 65 -73
-31 47 87
14 91 42
-83 -3 33
-7 -73 -44
-8 88 93
44 99 31
51 6 54
-62 -14 26
100 -23 -11
-6 76 -99
79 53 50
-31 93 72
-24 -65 71
-12 60 46
-88 -58 55
-17 35 89
37 97 -34
-12 -58 -19
74 -11 26
-42 -4 36
46 72 -67
-54 -76 27
94 -26 92
-58 48 -92
51 36 18
91 -4 34
54 -44 -16
42 -70 -60
-63 -1 -97
61 59 -2
-5 -37 5
9 70 26
8 2 -64
56 -79 -63
16 82 -10
-66 -4 83
-31 -85 -57
86 -50 7
71 99 -91
-89 68 29
-6 -39 -51
-49 -31 -56
51 49 88
72 58 -33
38 -9 -39
-6 -77 -81
-49 -52 -31
-58 -29 52
45 75 45
37 -50 -96
26 -15 76
27 86 -58
-48 87 90
-23 -81 44
25 -39 -84
84 54 -84
53 -66 -5
99 -50 22
23 -90 -63
57 -69 -1
32 51 -16
40 85 45
-77 94 41
27 58 -35
80 58 -91
89 48 84
-7 60 1
-23 26 84
-63 69 -30
18 57 -33
-85 -66 -20
3 99 -95
-12 91 -19
-28 93 19
-89 -5 -95
-53 74 68
33 -43 5
39 91 18
-73 85 -28
97 -84 -62
-82 69 40
-24 88 5
-10 -50 1
15 -31 -80
-62 -58 -79
-49 -32 -37
-52 -86 47
2 69 -37
-24 24 -28
-65 -61 61
57 -91 -4
-56 18 -63
-47 -18 10
-99 100 -91
-96 -17 50
-79 -38 82
-14 24 -59
-36 -62 -20
-38 64 56
48 -73 38
91 43 -16
84 84 18
86 96 25
76 -59 92
91 -47 -93
35 71 -37
62 -27 -98
-54 16 -61
73 83 -7
90 -25 -45
-60 -20 -67
-55 10 21
35 34 -40
39 63 43
-58 40 31
68 13 58
77 -23 -43
-59 88 35
-85 63 60
61 -54 -69
11 6 32
82 64 -52
34 31 20
11 90 -65
60 -4 22
90 18 8
82 -31 81
-91 -88 -71
-84 17 97
-7 35 -53
-96 -47 67
22 -96 -59
-16 45 -87
36 -88 -45
8 -45 -65
17 84 76
30 -26 64
-57 -63 -88
-41 -58 -98
14 -71 -39
-44 32 -38
12 -65 -60
-62 3 -3
-56 -73 -55
-91 74 91
6 67 13
-69 -34 21
-30 11 -63
-51 71 34
33 -33 19
-44 33 -11
68 -4 -25
59 -57 61
71 93 -9
94 34 -61
79 77 66
62 32 -50
-4 12 20
72 3 -81
-99 -86 70
-87 -58 32
-80 -14 -11
-97 17 51
27 73 5
20 -93 1
-41 -65 -12
-42 1 46
97 -49 -18
97 54 -61
84 -19 41
88 75 -50
-84 -28 -39
-29 -94 1
45 96 -56
-37 68 -19
-50 -14 -66
25 39 24
65 80 69
-23 -55 9
9 -10 89
-22 -14 -71
-32 -83 87
5 14 85
-26 24 -69
-29 -20 -75
14 46 95
60 3 -90
35 90 43
69 -94 35
-66 -37 48
-8 73 -55
-20 -72 40
69 89 64
-97 -65 -92
-11 79 76
-95 -24 -73
-27 73 27
-39 43 -95
-77 14 97
-30 67 37
-12 45 10
53 -30 76
80 48 -54
34 -67 89
92 39 52
-71 -12 -60
2 22 95
8 37 45
32 -32 -16
-58 -36 17
92 29 -28
47 54 -58
99 95 -78
69 -48 88
-53 73 34
45 -55 4
20 -64 45
-69 99 -8
3 24 -5
-6 -62 77
-48 -39 88
-55 54 4
-66 -45 -8
14 -97 -50
-35 -38 18
-20 93 -69
34 89 -76
-61 99 96
-89 100 26
64 84 19
70 11 81
85 -1 41
-20 95 -45
96 78 60
-60 59 88
-90 -93 -86
-65 -76 98
-8 77 -71
-62 26 -90
78 7 -71
-45 -54 5
42 12 8
7 -80 11
4 -65 -5
21 -30 7
-12 83 61
30 -52 69
-88 6 72
21 78 3
-92 -66 -43
95 20 5
52 81 -43
-28 -84 -40
-39 -6 -76
98 -33 -5
92 -3 -68
34 -95 -1
-54 38 -27
71 -62 92
-8 -59 41
-56 29 -95
-47 21 92
-44 27 -54
77 18 28
4 -5 10
53 19 5
49 -11 -24
95 13 100
-16 33 -44
53 40 -47
83 -48 29
-29 -52 -62
43 66 82
-15 64 38
-73 53 -84
87 75 35
-13 18 6
-32 -96 68
-94 8 -69
-60 26 87
64 -14 -91
3 -47 4
70 -62 -98
11 33 22
35 32 2
-90 -85 18
-66 45 68
-63 46 -65
-39 65 39
-7 -55 6
20 87 5
-91 46 -39
70 83 -48
-3 -31 50
48 96 10
-28 -27 -93
19 59 28
-6 93 -4
5 50 91
26 81 32
-21 -49 -83
30 86 62
-11 89 -79
74 -57 8
-77 -20 96
-84 100 -5
-23 -11 53
-2 32 -57
9 74 -53
-14 -11 -35
48 32 45
-72 68 63
-65 -96 29
-83 -90 13
-17 -88 42
46 66 91
39 2 43
-46 68 28
60 -72 -42
79 63 53
-89 76 -44
39 44 74
55 68 -24
-11 59 -82
26 79 70
-83 -57 -44
61 98 -44
-97 -44 -14
-86 -18 99
-5 72 45
60 -6 51
80 -22 -7
15 -89 -73
86 24 -45
64 83 -69
91 -77 -73
-7 77 81
-78 -4 8
88 2 10
57 -76 80
-20 73 9
76 -17 -63
-30 -74 30
20 -59 35
42 80 -86
76 75 -11
-23 44 3
46 16 51
62 81 70
-44 97 -43
4 74 -21
13 3 -92
33 -96 -65
-49 36 -75
-76 13 -60
50 -66 70
10 -20 83
83 -32 -39
-23 -33 78
-67 -83 -24
-93 -64 34
94 -8 100
-16 -74 -64
-28 -52 30
91 -2 -78
-70 -86 -70
15 85 18
-19 61 -94
-23 -89 -28
-2 43 -3
90 -71 -57
55 -61 -29
-17 49 -33
35 -45 -29
44 -33 43
-47 -81 -48
66 77 75
99 42 -11
-31 -64 -52
85 75 -72
88 -95 29
76 51 41
-77 -63 -98
-52 71 -56
55 91 -56
-28 4 61
30 75 13
-4 -26 -75
-67 -14 25
2 79 -83
57 72 -73
27 27 -25
54 18 -97
-92 25 91
43 69 68
30 11 -74
-73 39 -7
26 36 99
9 89 -85
99 -3 -24
66 -36 -10
41 -17 -6
5 -83 95
-16 -94 99
27 -1 83
83 7 -90
20 -60 68
19 -90 -52
60 81 -3
48 99 39
69 -9 82
-15 -55 -62
68 -82 -46
52 -13 53
74 -69 27
-33 89 80
-20 84 40
10 30 -75
81 58 -25
-28 -25 -85
-21 85 -91
-76 53 46
-35 83 13
7 22 35
-35 82 80
71 67 -90
47 12 -99
-81 -40 -71
61 35 -27
31 -3 -90
92 -48 -49
-66 57 -28
67 -81 -38
54 18 32
28 7 -46
17 62 -6
-28 -71 -85
-40 -22 92
84 24 35
43 97 -8
25 24 67
19 -11 -43
15 19 -69
28 -19 3
-37 -50 -14
-53 -86 1
18 -16 -29
80 52 -58
12 -63 91
-66 -28 -81
63 6 -47
64 -40 -93
23 -66 -10
-30 15 -43
78 -26 -94
24 70 58
3 87 -97
63 15 -38
-87 21 31
-38 -61 56
-65 -90 22
70 -7 -92
29 -56 27
67 27 -79
-10 73 27
94 34 -36
60 -81 -43
-92 91 73
-2 67 -86
90 -49 -2
-65 -100 -87
-51 89 -68
37 91 34
31 -99 20
-43 97 -84
-88 100 -1
-97 -39 4
99 40 82
-48 -59 -87
-22 -84 82
-3 70 50
84 10 86
-68 50 -11
-87 27 -64
88 47 84
97 -50 84
27 -80 34
-23 -95 95
-52 -75 85
20 -96 -73
19 64 13
-46 40 -15
97 -68 -76
97 -99 -21
71 -34 -67
-91 32 77
22 28 -86
-39 8 -38
11 46 -90
17 48 -44
76 21 6
-19 -90 67
-50 -37 23
-8 9 -75
-62 80 82
46 78 79
-56 85 -82
-17 -59 -62
-7 84 80
95 -17 9
19 20 84
62 61 71
78 -58 -42
83 -96 87
-21 -1 -90
-100 -7 2
-23 -31 -89
-17 -88 80
-41 23 81
93 70 71
97 -54 -53
-5 83 91
85 42 -1
60 12 1
-15 -43 41
-35 5 81
-28 -59 -58
-98 -82 -65
30 56 53
-78 -15 90
66 -36 69
-86 -49 46
-89 80 34
80 -43 87
-67 11 11
-36 91 -15
-7 31 89
39 -83 -56
13 -10 -8
-48 -22 7
-24 25 -4
24 -11 -74
17 -41 -66
38 92 29
-74 -43 61
54 74 -68
-25 -39 -62
-36 -91 71
-21 55 -44
15 12 77
93 -72 8
-57 -2 43
40 -18 64
-11 53 -63
6 -21 -73
-57 21 -4
-9 42 42
-71 41 -88
-87 19 58
51 13 48
-46 -69 -10
-100 63 98
-38 -67 50
-75 -8 -98
-76 41 55
37 88 -12
68 6 47
-89 -19 91
-58 -80 53
65 99 5
-8 -58 67
38 51 25
95 22 18
-32 55 79
47 -1 -37
-26 -65 96
-47 22 -57
68 67 10
33 90 -15
46 -52 98
81 69 16
-23 -12 -27
-16 -100 56
-44 46 -51
-17 94 -43
-98 -8 26
100 -74 -67
50 -67 -88
32 68 -71
-10 21 -5
37 12 85
-70 -7 -31
-60 58 -58
-87 35 59
13 46 19
97 -28 98
-7 37 -7
-12 62 -23
61 -9 -25
62 -89 -54
49 48 46
56 -7 76
-71 -21 -61
-65 -59 46
16 14 81
48 62 36
50 -95 8
7 -53 78
-89 -50 -99
-63 4 34
65 80 61
58 -27 -90
-93 1 -90
-72 -68 60
89 -53 -21
-68 76 -75
78 -52 -50
85 -64 -70
1 40 56
76 100 64
88 32 -53
-9 81 1
45 61 -27
-62 -96 -58
80 36 -69
-51 -12 99
-28 -4 -53
-40 30 51
59 22 -49
-57 53 52
8 81 13
89 -60 48
60 26 -38
97 96 -35
38 51 -60
98 20 -36
53 -17 35
6 -56 1
81 57 -43
-81 -9 -69
54 -66 -15
-58 -75 -96
27 -26 87
33 60 21
-2 -30 -38
43 -21 -26
5 72 -86
18 -98 22
32 -2 -73
27 -39 -26
74 56 12
31 41 83
78 -62 -69
-26 97 -6
-27 -99 61
21 -51 -22
69 98 -17
-56 69 49
1 -21 -49
-89 92 36
-98 -96 -55
81 96 56
41 -42 38
-51 91 59
97 -53 32
95 37 33
61 -90 -58
-100 -20 -45
-83 -86 -93
-100 46 96
-95 -98 76
-93 38 -54
12 -47 -36
-7 -90 -30
-72 -4 70
79 93 -71
77 86 70
-66 70 -84
64 29 68
66 -55 42
56 -36 -93
21 62 -81
48 -100 11
72 95 82
-47 45 -74
96 3 28
-39 91 77
16 -16 60
85 75 55
-44 80 -29
95 -11 -6
99 83 63
-90 15 -62
-77 -59 87
-71 -81 -13
-26 77 5
73 44 -4
26 41 28
2 -64 6
91 83 84
6 32 62
-46 46 54
46 21 28
62 -31 28
99 59 -87
48 98 13
-55 -61 40
-76 29 -44
29 -73 -28
-28 -52 24
6 51 -27
-61 34 44
41 6 41
5 59 36
-86 43 -97
94 86 10
55 97 -21
-46 44 35
-55 -12 -72
49 -78 23
-69 -26 -64
42 -87 -21
-33 -77 -74
-1 79 35
-51 -6 5
54 -67 91
-58 13 -35
51 52 98
-43 -86 -22
-17 90 -15
-78 -27 12
-67 -11 90
37 95 -32
79 92 -26
-53 -64 35
70 5 44
62 -30 -7
9 -8 -47
-43 -23 9
-16 11 -94
-5 -99 98
-45 -55 -82
-35 28 -17
-87 100 58
-68 -96 100
-47 -75 -32
72 72 -67
-92 64 82
-75 -16 10
52 92 86
62 -32 -79
64 -96 7
-73 85 10
1 72 -68
-48 38 -17
100 75 -46
-100 -70 5
86 63 -50
56 -4 46
-90 19 97
22 -100 100
75 -2 54
-48 -23 -93
-83 -3 75
-54 -7 -49
-36 -5 88
-50 73 -50
45 49 -77
82 64 -47
52 -89 78
-74 -38 -13
-17 93 41
3 83 -66
5 -52 74
27 -28 -16
-37 81 -35
26 79 69
-45 31 -61
77 -43 -36
-83 41 37
-17 66 -23
-27 -76 -1
8 -93 79
63 57 20
-44 -24 -16
16 14 46
-17 95 27
-2 -20 26
-71 17 -90
18 2 4
3 -47 19
27 -1 -26
-30 74 -91
-49 37 57
-59 -99 -94
38 -84 17
-90 -66 71
-77 -83 13
4 -39 -38
55 -68 -59
28 9 -89
28 -1 81
-49 38 86
-19 -10 83
-50 -96 -58
20 -7 90
-76 -39 17
-21 81 2
-81 60 -40
-83 -12 -39
20 36 -72
3 16 -95
-89 21 -21
76 61 -21
-7 -77 -82
12 -43 -33
-70 20 29
-54 78 -8
74 33 -6
62 -68 -74
2 83 26
64 -28 -64
87 61 8
70 -70 -61
-43 -62 62
-16 -8 71
60 -61 10
24 -48 -7
-47 -2 -19
66 81 21
68 92 38
74 73 -66
-33 40 17
-81 58 -63
-13 97 54
76 -52 -65
20 55 -50
39 100 53
-11 -59 53
25 -42 28
-96 -86 -76
12 -82 9
51 -46 99
-20 83 -5
15 -87 -92
96 60 -66
80 -33 38
59 29 -78
69 51 7
-72 62 -26
27 -86 -25
-8 -41 -56
-74 -49 -1
-84 27 -53
-56 -75 -40
-43 -54 -63
-84 -53 -32
32 50 -33
64 -25 -30
-31 -94 -71
26 90 -73
74 -18 -86
-4 -54 -10
10 -5 -87
-24 -69 -65
41 -65 -94
-29 -5 -39
97 -91 91
-88 27 78
74 39 -50
-92 47 -38
13 -27 -35
5 62 -4
-77 -3 -20
14 -95 75
-31 -32 -84
77 93 30
-4 -87 -84
-21 -74 -50
-34 -52 74
-71 -23 -4
81 49 -57
-92 -95 -96
-42 42 64
-74 -73 -81
71 -54 -69
-22 -49 76
92 -21 2
51 97 45
-32 19 -38
19 -62 77
-39 -3 -17
3 -86 5
39 99 36
85 -16 44
97 3 67
-76 26 -78
-70 -77 -80
26 -15 -18
20 -63 -5
-78 -24 37
33 -51 -90
8 67 -29
-71 -21 -95
-33 -50 26
-37 -22 21
-29 -27 74
-14 93 -57
-46 -65 17
62 -58 -25
-13 -32 -58
-58 -61 94
-74 53 62
-56 -5 -9
-49 -60 -89
75 -3 47
-96 61 37
5 38 -13
-98 -39 -70
82 10 -17
-94 -22 -74
53 48 -94
-52 -37 -86
-77 1 -30
-50 48 88
-32 -36 37
45 -71 -84
47 87 -96
-28 52 76
22 -50 15
-5 33 -39
-41 89 -97
-35 85 -3
13 3 -30
-28 22 73
-48 -23 -21
64 -87 -37
84 12 35
-49 -36 -13
-61 -83 5
93 66 -28
85 -18 77
26 17 73
3 15 -75
55 -45 9
-6 77 13
-54 41 -90
69 -8 -54
33 68 -91
21 81 61
10 -38 -87
-91 56 96
-25 83 -38
94 -47 38
97 -47 -69
-31 -48 27
-75 -8 8
-86 -6 -16
44 -29 63
80 -88 26
-26 24 41
43 -48 61
9 -14 -65
-92 100 9
63 -32 -77
-7 85 90
-63 -29 94
-73 -51 -89
-78 78 61
46 19 -24
79 4 63
18 53 46
80 68 -10
-92 52 -7
-5 9 85
9 -34 -78
-41 -22 45
86 43 -60
-59 91 -92
20 16 88
39 -77 -30
89 90 53
54 13 -74
-89 -71 -11
51 90 -9
89 -58 -42
65 27 62
-81 91 93
23 4 -86
-98 75 -92
-56 -22 -47
-29 86 70
-73 -40 76
-51 -36 40
-23 12 -73
-28 92 -94
-76 72 54
45 35 89
53 78 83
-35 -67 99
11 -62 61
51 -54 -17
47 -73 -44
-96 36 -84
78 -53 -31
52 28 85
62 -85 18
81 3 -69
5 15 -14
49 22 -94
-17 -95 45
-65 99 -71
-97 -14 37
74 -93 -44
36 -10 -71
32 16 32
-60 -88 88
-59 -22 -58
-48 -49 46
16 9 -6
-12 2 69
9 -31 -22
-77 -9 -84
1 -59 81
40 86 -22
-41 19 62
-6 -36 66
15 -37 49
72 67 3
-90 -62 -52
-78 69 -38
-96 46 -60
87 8 65
-29 -85 -59
84 26 50
94 5 31
-73 -47 25
21 97 89
-23 -17 89
37 -9 -41
-25 -84 -34
-86 63 -60
58 21 -5
-23 41 -25
55 76 -60
21 30 26
-11 -34 -29
35 -45 -19
-48 16 9
14 81 -66
90 -69 -88
98 85 -19
20 -25 -98
-46 55 -84
-81 -56 6
-17 88 -32
-80 -62 64
-38 95 23
81 -98 28
37 82 94
-8 35 -30
-63 49 -9
-74 60 -70
-16 -39 -69
27 -33 -83
-50 -99 -90
-21 -48 -73
-73 92 -55
-36 -29 -99
-24 85 -35
-97 -52 83
-93 -37 30
75 24 5
-12 -7 -38
-58 42 -55
-89 -78 -19
64 79 -8
-4 92 -93
-20 -83 9
-56 61 -92
68 67 -33
79 55 -47
-95 49 -7
-14 -4 15
62 -77 -76
-43 49 72
14 -23 -73
-86 81 -12
43 75 -28
-40 57 15
-41 -75 57
-60 -5 62
-94 11 28
-48 18 35
-10 -42 92
37 -86 -74
-36 -97 -78
-47 -100 -2
72 -25 -42
72 98 93
13 -45 77
-28 -46 -23
95 -6 81
65 -60 42
-14 55 25
-84 99 -44
-77 9 58
96 32 -51
55 -58 -2
-97 -92 26
94 -28 -46
100 -42 -81
-1 89 -88
68 -17 22
-17 -83 -75
78 34 -50
2 47 80
53 70 83
-44 -29 3
-12 100 -16
39 -99 41
54 80 78
62 -42 -94
-76 5 57
100 76 56
44 53 -56
46 36 80
61 -72 1
63 -29 -69
-52 37 -56
-26 -29 73
25 -55 -84
-16 -68 -100
28 12 -32
-13 78 83
43 41 -97
84 15 94
20 2 -6
56 11 72
-95 69 -50
82 12 3
7 -37 93
3 64 97
87 -39 14
-39 -91 -83
-33 41 39
64 1 -22
25 79 -53
87 67 -32
-54 82 -63
75 89 -67
79 -59 90
53 -49 93
-50 25 -67
87 -5 -67
25 66 32
65 68 60
74 33 -72
-20 -100 -23
82 15 -29
15 -98 -42
-92 19 49
21 -95 59
57 -59 26
19 -6 38
24 -44 -70
36 -38 94
-76 -74 13
25 3 91
-51 35 26
-79 50 80
71 -49 -13
58 -36 -45
71 9 -69
44 15 -80
-7 38 -78
83 -28 46
-97 -10 9
78 73 -4
-15 -54 -2
96 -85 -50
-73 1 30
-71 41 58
24 -6 -88
-86 -71 -75
-63 -32 60
44 40 -41
-6 -100 44
49 -63 -59
-28 -60 -75
-45 -80 -3
29 -61 32
-21 -62 -59
37 -1 -64
-89 85 -77
21 16 -12
-19 32 9
3 -50 19
-58 -39 -51
51 -89 7
29 -31 19
37 -85 -58
-31 -72 97
63 -62 82
-63 -79 93
34 47 -29
-17 -62 68
61 90 72
21 81 -31
-69 87 18
-82 38 -90
1 29 70
12 -58 -68
-88 -43 91
76 62 -52
-44 -77 -96
-27 -72 48
49 41 6
-24 -24 42
-59 29 78
34 -12 -6
98 39 71
100 30 44
-23 -82 39
57 -43 24
-85 35 -41
-7 99 -4
11 60 79
93 12 28
64 5 57
58 -71 90
-79 94 -50
91 83 -64
-56 92 -25
-82 89 43
-44 -17 -3
41 27 -59
32 21 -20
45 100 -40
-41 79 -53
-47 -12 -50
-21 33 -15
52 69 31
-6 -2 -90
-38 29 47
18 -82 55
18 -78 87
22 -41 37
-100 -59 2
19 -78 -28
66 -49 -100
46 50 92
31 67 -78
52 7 98
30 -25 -17
6 -71 63
88 -18 -10
46 -1 -80
-81 99 -64
-15 91 72
-10 8 -8
61 40 11
-72 -11 -27
79 -63 23
-53 -14 6
-27 -36 93
88 26 -13
-13 52 17
100 71 58
75 -2 100
77 -28 60
-15 -90 35
81 -74 -98
-23 27 40
-25 -78 -65
-75 62 83
38 -28 76
58 25 83
55 23 26
-53 -100 -29
37 41 -79
-25 -71 -27
96 -99 -59
87 -13 -16
13 -15 41
7 -48 75
-95 78 74
-78 81 96
-11 41 75
-24 80 49
-38 -99 -82
-87 -65 8
78 51 7
69 74 11
-72 66 2
-85 88 -33
-83 65 -84
94 45 37
-42 -33 51
51 -3 41
28 -55 -31
-92 83 -97
-8 14 -47
-24 -13 51
48 -4 -46
30 -41 -17
76 -90 -46
-72 -67 -69
-30 -11 65
37 -47 -57
-68 -32 64
24 92 49
30 -41 59
33 -90 -66
-67 -4 38
40 90 -59
69 -67 46
-66 98 34
-55 42 45
48 -66 88
-23 20 44
-65 -65 33
33 -58 -56
-59 72 86
-82 41 23
71 21 84
15 -82 -64
-21 77 -1
48 -41 -27
72 15 46
38 -67 84
-37 5 51
72 -19 11
-74 -78 43
18 -99 -25
-68 83 -55
3 4 71
11 -58 -43
55 100 -53
39 80 68
-59 -1 3
-84 82 82
-84 -94 59
-8 -93 35
96 -86 10
71 68 -37
-8 -54 33
-57 38 -59
14 20 -79
80 -74 48
97 -51 48
68 71 -23
76 36 -79
69 99 -46
-18 32 -40
-47 31 76
90 -77 29
-80 64 77
-70 -73 -28
90 77 -90
41 -80 40
75 31 66
-39 -42 37
-78 -86 77
54 -29 16
-99 -64 -66
18 -73 -74
37 56 26
78 -56 63
24 88 -37
-36 88 -41
27 51 -23
-25 49 85
18 9 -82
-36 -98 70
21 -5 94
10 58 62
-70 44 -28
94 21 96
26 -40 -84
-50 7 -71
-50 38 -66
33 58 37
52 42 -73
82 -47 85
-6 55 11
-71 52 94
4 30 -60
27 -60 5
-71 -86 -28
98 95 10
39 -58 40
-19 36 -95
-59 -39 -29
25 42 -70
-30 7 -56
16 -29 76
-92 18 41
-86 33 21
97 -11 55
93 27 15
37 -88 89
99 12 100
60 14 9
-61 -51 70
86 -24 -65
55 87 -33
-46 24 -58
59 -61 -28
59 -82 42
80 93 -53
34 80 53
75 54 -71
-96 83 85
-1 -56 -84
-49 71 -10
86 9 -38
-95 -72 -37
-19 -43 -71
-53 53 -9
67 63 -28
36 -27 -73
46 -1 68
-67 47 -11
-59 -19 54
31 -44 15
-4 -93 -20
30 95 13
63 75 3
22 -41 61
18 -41 50
-75 96 70
18 64 -53
-18 5 -12
85 -20 -96
30 -92 60
-39 -82 17
68 99 -54
-75 -52 33
100 -18 60
-91 -58 61
37 -99 7
-29 73 -46
24 -87 70
-65 47 79
-37 68 59
-27 -73 -45
91 -60 -92
13 93 -45
-55 -7 41
-63 11 51
50 -19 -47
-45 61 -84
-56 42 -13
-44 55 -41
27 -91 -15
-35 56 88
-3 -69 -38
-55 85 90
-21 13 -78
-38 -21 -59
18 55 -8
96 -63 -55
33 51 -62
-46 -85 -29
10 59 -75
4 41 -15
1 -45 62
29 -70 26
92 84 57
-64 35 -5
9 -3 58
70 -97 28
30 25 98
-71 -72 -27
-71 -60 -76
-78 -11 38
57 -32 -66
52 -89 -32
-81 20 -44
-33 35 32
20 24 97
-15 -65 16
-54 -60 -23
98 -80 -87
43 38 28
18 6 -7
-24 -78 49
-62 -54 85
-76 -19 2
-31 86 -10
-64 97 53
32 73 79
56 86 -39
15 27 12
-78 78 -67
-92 74 24
17 98 54
81 77 67
7 51 -43
35 -38 72
-42 -98 -16
-71 18 -55
96 -4 61
15 -1 18
100 22 53
-84 -49 87
87 73 -51
7 19 93
-17 -95 33
-35 48 -20
26 -22 18
26 -76 18
-54 70 6
55 61 100
35 -57 61
-92 41 -62
38 -19 15
41 -30 33
-59 -63 30
-53 -20 -64
75 -68 18
-23 57 55
44 -17 22
-84 18 8
-36 -33 -68
72 37 94
21 -42 94
-91 -35 52
23 -17 -47
32 -60 97
-51 -81 34
-22 -9 -68
90 72 -38
-87 6 30
21 -97 -62
99 70 12
54 -66 -5
-73 86 24
-71 -97 25
88 15 -82
22 91 -6
42 3 2
1 52 -69
-64 30 39
-97 -1 -44
48 -24 -51
-81 27 -59
25 -83 -85
53 -31 6
-35 -69 31
-36 59 -72
-15 80 29
-11 96 29
3 87 47
-9 -80 -50
60 -78 -93
61 34 -3
-88 -85 70
38 93 47
-85 -45 -84
-51 42 21
43 -44 -60
-87 93 -84
-41 -63 90
95 -63 66
42 13 -35
-95 45 -58
-14 -19 93
-71 4 -28
66 -45 -31
-82 100 -50
89 79 100
-64 -49 68
60 -32 -56
37 28 47
32 -59 28
-16 87 34
16 83 82
-36 -36 -28
97 -62 41
-84 77 52
52 -92 -70
13 -82 -48
13 -43 80
9 34 79
55 -9 76
21 -82 3
-17 25 -67
72 40 27
-32 10 -18
3 19 51
-71 17 100
13 -39 -77
80 -74 56
-87 90 80
85 -59 53
21 -54 51
-11 57 -78
-15 88 -43
9 24 36
-32 -62 -53
28 -27 75
-81 79 90
54 -80 87
-90 99 32
34 -30 83
-56 31 -19
-69 21 48
-75 -2 64
10 -81 -17
-38 -51 -86
25 42 44
-38 34 27
11 -85 87
-6 -7 38
68 90 -72
8 48 26
8 -58 50
-43 -26 -1
63 68 33
88 -54 -86
95 -59 -54
-78 72 58
-40 64 -39
-87 -18 76
81 12 10
-55 37 30
-55 4 23
-1 44 -31
18 45 -20
-3 20 89
7 8 -67
-25 4 -1
38 80 -46
29 -25 85
-66 -55 12
13 -36 -47
32 -12 -42
-21 19 22
-30 55 -90
51 -7 20
30 33 -100
48 -91 -81
-87 -48 -49
77 88 54
-65 -43 58
-80 -47 -23
29 -32 96
81 -5 -51
90 16 -73
50 14 57
46 -90 34
87 -15 -65
-9 -14 98
-86 96 75
-65 82 -75
33 -59 93
-52 93 97
14 74 78
-9 60 -71
-38 32 20
62 -90 -75
-16 86 -46
1 -66 -50
87 70 6
67 56 -38
22 -51 20
-54 83 -15
2 39 43
-88 33 -23
-91 -1 10
61 -46 -84
-85 -13 -50
-28 90 -22
-11 38 -96
-51 -39 14
-22 46 -27
93 -28 -33
-6 -45 -78
-32 -44 -67
-97 75 -9
-24 79 34
-29 45 99
94 56 97
-2 -53 46
94 -14 48
96 94 -78
-20 79 -82
-83 70 27
25 -12 -18
79 53 57
-9 28 34
-75 -6 -57
100 -100 7
8 -87 89
18 -11 -31
-80 42 -91
85 25 56
78 -6 90
49 63 57
62 12 53
91 -51 -65
-12 -26 -86
30 -85 42
-8 -63 97
51 -89 62
-68 50 21
-79 -31 100
58 -2 25
52 -78 -34
62 34 -17
-12 25 36
-38 90 53
-46 61 11
63 -45 78
72 -15 96
-68 42 -87
12 74 90
30 90 10
21 87 -26
60 36 -44
-53 -85 -10
-86 -68 61
95 -77 -33
-51 26 56
-80 38 74
99 89 -2
-5 32 7
-22 -82 75
62 91 83
-9 100 -58
-2 80 -85
-3 40 -76
-95 89 -62
69 -1 51
42 -48 39
23 -9 81
27 -57 48
26 56 86
-98 85 1
70 -90 -88
-40 88 -2
-36 -71 -77
57 -45 100
-68 36 -36
-56 81 42
-69 88 68
30 63 45
-58 80 -25
27 -32 -92
-9 40 13
-45 -38 -98
87 86 80
79 16 33
93 19 22
-23 94 -84
-14 -47 -53
-27 -33 70
-47 53 20
82 1 88
92 29 -10
-59 -55 -40
69 -14 36
-60 15 -78
-58 48 24
8 -20 -31
-48 -48 81
-21 94 98
79 -56 93
4 -73 -37
-76 62 56
-86 -96 54
-64 60 -17
77 -41 41
-33 -12 -53
96 -58 -90
-14 -48 -82
-47 74 84
48 -27 93
-2 91 -30
26 21 76
-8 -20 -14
-78 -67 31
-72 -86 -24
-19 71 37
-1 86 74
27 -8 -11
5 42 89
-9 1 -86
90 -36 5
7 35 -49
49 -18 40
-100 83 -10
11 15 57
57 67 3
24 -81 17
-45 35 -24
56 35 22
23 3 -19
-81 -58 92
10 67 99
22 -85 10
-86 -70 -97
42 -7 98
69 42 -60
14 10 -71
72 24 53
76 -56 -99
-30 47 -66
-47 30 -72
-74 -23 97
6 79 -64
43 -24 70
90 -44 -76
-50 30 -75
61 -24 -32
64 -34 92
-65 30 10
-40 -65 -3
-60 16 -50
16 -22 -7
72 -6 29
-32 32 17
-35 -65 34
-29 59 42
6 44 96
-32 -69 20
77 -44 -3
-31 -21 78
-50 30 -31
-66 96 -48
-35 -47 -57
53 -58 66
-47 -1 67
-25 5 -15
3 82 94
-67 -40 -1
42 -69 -3
-53 -66 -34
46 72 -58
-20 -1 61
-31 44 -27
27 25 28
-40 100 5
-98 47 21
-86 -23 -67
96 -63 32
-22 -4 47
-21 59 -36
15 68 -52
-82 67 -66
75 9 -83
-60 20 14
34 73 -80
-73 -93 57
27 75 -93
-92 89 72
-87 -28 4
34 -88 -73
-50 70 -39
43 88 30
27 -18 -47
-63 34 35
79 62 28
-54 -95 24
-6 92 -6
85 54 -28
-71 -7 -14
52 -100 -40
-74 -4 -14
54 57 -74
28 30 -81
3 -63 -54
92 -17 -6
99 -25 65
-45 60 -23
-33 68 9
-39 -49 43
98 -16 77
44 -4 84
-66 65 66
-40 50 -86
85 -58 56
92 77 -48
-78 -70 11
-5 -39 -26
98 -64 -12
96 21 -90
86 -87 -71
35 -73 86
-30 -22 -35
40 18 -25
-23 -100 -37
46 -90 38
24 39 -41
88 -95 -24
43 -43 -37
-93 92 -7
47 -56 43
91 30 85
78 100 -1
-23 11 41
-20 -38 11
100 21 -48
38 -36 50
26 -25 48
50 34 63
85 72 -46
96 -92 -74
-69 60 58
38 57 -4
-55 -6 52
-29 91 56
-41 92 69
-91 41 35
21 -11 61
-18 53 9
-17 -47 -8
87 59 35
-13 66 97
-40 75 -77
-72 64 -12
-99 -38 37
-100 37 -39
56 -52 26
-45 70 -69
-59 57 77
29 47 88
38 -46 -69
-49 18 60
-68 15 -6
75 11 -2
99 21 -84
-58 94 2
-49 -8 -62
-98 81 -41
-10 -27 85
-70 33 56
80 -95 -59
54 24 -47
88 27 -24
98 29 -37
-41 -83 -63
71 -91 70
-22 -97 -63
-11 -18 -73
97 -47 48
-30 -44 -1
2 49 39
17 2 -86
66 -63 -53
31 -92 18
59 -92 -8
-95 17 -87
-80 -59 4
95 -54 -26
-87 36 87
88 -2 -36
-52 -4 21
-11 -32 87
-90 -53 -19
96 76 96
-73 58 7
-36 -70 21
64 -71 34
91 2 49
39 30 58
94 40 58
-95 -34 87
80 -15 3
-8 87 81
-78 -29 62
-39 96 -41
-24 37 -76
13 -5 14
26 47 -37
-17 52 23
71 83 26
-97 28 34
-78 -60 36
91 -57 34
-39 -11 37
-83 36 -73
-50 -13 82
-84 -90 -35
52 -32 -75
-97 18 28
-58 78 100
58 37 -66
66 -39 64
39 87 -82
-90 35 20
-63 -76 -2
-77 -66 -45
16 -94 -5
51 68 30
-59 90 -83
-41 7 -77
-17 -94 -36
-40 26 -6
-7 -54 -25
70 -6 59
-62 9 -55
-2 -37 100
15 -43 76
52 -32 -51
62 53 69
67 89 -29
47 82 -5
-92 -97 3
-19 31 -29
-3 -6 -57
87 82 40
10 -74 -56
-52 -32 -95
60 -6 -26
-54 -93 -71
-16 -63 64
28 57 -87
99 62 57
-73 -40 -27
55 -71 -89
53 42 23
64 13 -61
35 94 69
-18 -42 96
42 7 -64
-27 -29 34
-31 -37 60
-1 93 -74
-57 70 88
20 -38 57
-82 10 -15
23 -30 -56
50 3 91
-16 -49 -6
59 28 79
-76 -95 26
99 -7 78
77 -7 -44
-67 89 31
27 -4 -98
75 -91 16
68 32 81
24 100 23
11 -77 28
76 -61 -38
9 9 -22
20 45 -84
-100 -99 -49
48 -88 -10
-72 2 31
100 -62 -94
-86 96 14
-6 11 -59
-27 -52 81
-91 -89 -56
-15 75 -84
19 -35 5
86 42 11
24 -23 45
73 -6 -26
-84 -97 16
92 27 -25
6 64 8
63 99 -58
44 9 -80
-8 78 -5
88 2 100
-16 30 41
58 41 -37
57 87 94
37 -2 49
-4 46 -71
87 -79 -25
15 -67 -29
-100 -78 -96
-14 -78 -49
-51 88 32
-3 27 -23
62 -45 9
-61 -90 -24
-80 -15 -65
21 91 55
-36 -65 -79
32 45 93
-6 -13 -12
61 22 -58
28 -42 68
35 -60 72
66 41 -91
-63 -31 -42
-28 -75 27
-28 -36 42
79 1 -14
-56 89 37
-91 98 -88
59 43 27
80 -53 51
75 33 -79
88 -83 -76
-58 42 -73
-62 -77 51
-37 -6 48
-100 81 -91
16 -58 -3
6 51 31
29 -22 -9
-94 17 17
2 -41 95
-88 25 -91
58 80 -41
-53 82 51
-67 -18 -17
10 24 25
-52 42 -82
46 -7 87
29 41 -70
35 61 5
-22 -79 59
-12 -13 40
-30 10 48
6 92 -28
34 49 76
92 -24 55
-81 39 35
-97 29 76
-85 -64 60
66 100 68
6 -71 26
6 -75 32
-90 36 -99
13 7 87
-80 -30 2
68 57 77
-17 -74 78
-69 34 -15
51 74 12
1 -38 -30
-13 -66 -34
56 -54 30
27 -70 95
27 87 33
-3 -83 2
93 5 23
80 27 -34
79 79 75
22 -38 -67
-53 24 -25
-53 97 60
-15 -75 99
3 -43 2
94 65 -29
-46 74 96
-74 45 26
-61 84 18
-50 -21 21
-78 -70 -26
30 91 6
94 37 61
10 21 -17
-6 -22 -47
-16 -99 -89
-29 -48 93
-8 28 33
-32 -72 20
33 9 -52
-72 66 -39
56 22 7
64 -85 12
9 86 8
-28 61 -47
-23 -31 13
9 36 81
96 17 -53
85 -86 -78
13 -37 54
-67 -70 -75
-24 81 61
-52 -48 99
94 -45 88
-29 -24 -49
-55 83 39
-66 86 -84
-39 -80 48
88 97 -44
-99 -3 -63
-23 -80 -40
24 15 40
-79 -53 -24
-63 -54 -25
-52 20 28
61 83 -91
-3 96 -71
19 87 -16
-45 -13 57
55 -9 -39
73 -36 -72
-63 -92 -87
-1 -12 50
88 -54 41
-67 -54 -41
-82 45 25
-15 94 61
-88 69 -66
-14 60 5
-31 -6 77
-57 -83 76
38 -11 48
92 -55 -88
7 -80 -91
76 -66 68
93 86 75
-36 -65 78
63 -4 -5
-82 -67 81
7 -61 -58
-20 -78 38
-96 -68 -86
-42 -68 -58
96 -44 60
83 22 83
-58 -90 -25
91 -42 23
-6 100 73
36 -58 7
16 60 81
80 -5 -95
-82 -59 7
10 -96 -60
-41 -49 37
31 -15 -22
98 -20 -84
-50 33 -77
-13 94 81
21 -38 73
39 -22 96
-12 62 85
87 27 -23
54 62 -75
-100 -35 80
-2 6 92
-53 -21 -51
24 14 -88
-89 -91 37
46 72 -89
12 61 -97
75 -1 20
82 1 60
-86 -73 -66
-21 15 100
-46 28 74
34 -28 13
92 26 89
51 -23 18
72 -41 1
45 100 -72
-38 -25 -82
-12 92 9
-85 8 24
-16 98 8
-17 82 -72
-7 -4 -52
-43 -59 78
-92 -47 -41
13 -8 -70
-85 44 20
-15 -28 71
-65 -16 -7
69 -69 -70
5 5 39
5 -45 -92
83 -48 -18
40 63 -38
-86 -16 -10
-78 57 -69
-6 44 -32
3 23 -49
-16 -41 -45
74 97 -45
-58 71 -18
96 74 35
-88 97 63
9 -11 -12
93 -66 -14
-37 -38 45
57 71 -4
-63 -41 100
-65 63 91
43 -66 52
71 46 18
47 30 33
-2 8 -47
8 85 69
63 -49 -15
-61 27 27
-53 -96 53
25 11 79
-22 64 -81
96 44 78
-21 -54 40
100 -100 72
61 18 33
96 -43 -20
20 -15 -47
91 -99 25
-32 15 92
-17 51 19
65 -96 -22
-52 -65 -81
47 7 -86
19 80 -46
4 -75 -22
-23 -64 71
25 5 58
85 76 -71
93 -61 -88
-28 70 21
-31 -27 10
-47 -72 62
-48 78 98
-21 -86 99
-71 -36 32
-82 55 -44
57 38 -63
-19 52 -6
-9 -55 97
-74 4 96
-68 -86 -95
88 7 -60
10 95 -23
-17 84 -78
-13 25 64
-23 -84 -18
5 -76 6
43 -55 -40
-30 60 46
-18 -44 -35
-65 16 -79
-36 25 -81
31 76 90
-64 48 22
-89 58 30
-62 63 -55
21 -38 72
-86 -13 -69
-93 -63 -13
-37 72 17
23 57 -21
21 -92 70
-24 -58 31
70 -13 55
96 -58 60
56 51 35
75 -2 70
79 -90 -69
25 -29 -86
63 -72 20
-95 -26 -47
-25 90 81
52 23 14
71 98 -7
46 -24 -24
83 -83 -61
57 -45 -77
87 -89 6
99 -18 -95
4 72 44
73 -65 -9
10 -20 -35
78 67 -59
-95 46 -80
-56 24 98
-30 -99 60
-52 -11 86
-59 -88 -95
-65 -40 78
-97 7 -58
-42 59 21
34 -61 64
-75 18 -36
50 34 -82
-54 -48 37
-89 90 -55
83 -67 -69
-48 -89 51
42 -5 -49
44 -38 44
-72 43 -67
-93 97 -52
99 34 -64
68 -96 -24
22 -17 -34
80 -71 72
61 55 87
-4 -9 -19
17 -33 -31
12 -37 46
-52 -11 -44
53 -1 -84
94 27 -91
35 92 98
91 73 41
-100 -31 -62
96 -11 26
-2 -14 -20
-71 91 50
12 -16 -49
78 5 81
30 -48 -58
63 12 27
-52 -17 -44
55 -58 -94
-74 46 30
40 90 -35
35 74 42
-23 26 51
25 16 -99
-2 -93 76
18 31 13
86 -84 76
-36 -55 -76
-83 71 -78
60 -36 59
56 97 74
48 22 -20
-95 -13 -59
54 34 9
5 21 63
-8 -12 21
56 12 -84
-43 63 60
79 88 -78
-38 35 85
90 -63 98
91 -6 14
-53 -93 53
-45 -83 -30
-32 3 -81
5 15 -59
44 -23 -11
92 38 -12
60 -49 -20
43 -83 -58
-24 -53 -21
57 -40 63
-39 -78 -72
48 87 -16
67 28 -1
14 57 -31
22 -58 -86
-53 -72 27
-47 -45 -98
100 -32 -4
89 -26 -49
-18 82 97
27 85 72
-43 56 -71
54 -92 76
-91 75 79
-87 10 -36
53 57 -62
34 54 11
-91 60 18
91 62 -46
-97 -56 30
33 17 -31
-86 56 31
-20 -57 -1
43 94 10
11 -58 -37
-29 19 -48
72 8 -10
-16 -24 -36
76 54 -45
92 36 13
-92 86 64
-8 98 16
12 7 76
-95 65 -94
33 -32 57
41 -15 -38
64 37 88
-36 94 -14
-29 73 67
25 16 98
34 -96 1
50 32 2
-51 92 46
-5 -79 46
7 45 64
36 -29 59
-68 31 15
84 -11 35
-82 56 2
-98 31 -28
94 -90 77
75 -31 -54
-82 27 64
-28 -80 -43
25 -16 32
82 60 -78
-6 82 -40
43 -89 -89
3 54 -50
-96 -96 100
94 25 -57
90 10 -16
89 -78 90
83 91 97
81 -69 -58
-50 -15 73
-82 56 61
8 35 -61
91 71 89
82 76 -48
46 -67 -36
24 -76 16
52 67 93
68 86 -36
-26 -63 -39
99 23 -87
12 -20 -85
-4 24 25
-44 -36 -61
32 57 -84
-28 -65 39
-45 -96 -92
-59 -74 68
81 62 -78
-81 57 -28
-95 -71 77
-13 -54 67
8 27 -92
24 16 -59
37 82 -92
62 50 -90
-68 89 -16
-55 -22 -65
88 -8 -24
9 57 42
50 -20 18
53 69 87
-16 -59 -89
10 -38 76
96 50 -77
76 -28 5
71 -46 32
62 27 -49
-25 -73 -49
-38 -8 -3
89 72 68
2 -39 -68
18 -97 -100
32 -60 -39
-56 20 -74
22 -9 -14
-49 8 -28
53 80 21
38 52 60
-89 -69 -25
30 -72 -19
25 23 2
-6 -45 30
-23 92 -51
-49 41 42
-47 -32 57
94 -29 -3
-60 -26 96
21 75 84
-7 -29 95
-75 25 28
-58 34 47
62 -98 70
94 -56 31
60 -58 -94
16 43 -86
96 47 17
30 -75 -97
-22 -74 -22
-57 39 2
-23 94 11
-93 -36 15
53 -66 -15
-77 -28 82
44 -47 -94
26 2 -58
88 -98 -58
42 -52 -18
98 -45 19
92 96 -72
4 97 65
-100 -41 -77
16 -74 48
-46 -45 93
-21 -77 46
-11 55 77
-37 70 91
-43 -77 -12
70 88 58
-53 -18 -58
6 3 4
-100 -26 -73
92 46 69
-9 -53 -34
10 85 -51
-92 -12 15
68 -69 -10
55 -70 61
-33 48 50
52 -100 -16
30 -40 16
8 88 -87
46 -33 -39
87 -48 19
100 21 80
-94 -35 70
-53 33 35
-93 -8 89
-59 -7 -86
-64 37 -57
-24 -78 6
-37 -44 -99
57 -56 -18
18 -37 90
-40 -4 -27
32 -33 -39
78 -11 -12
-43 7 -36
41 -42 15
-8 65 -22
-29 -35 -36
-68 -73 -54
11 -27 7
-96 -11 37
100 -28 24
77 69 -28
32 -4 31
95 62 -50
80 -30 -46
-26 -93 79
-13 19 96
-74 26 67
-68 -62 -47
92 -48 -17
-5 73 20
64 -45 -93
-16 -46 -44
-93 -92 -94
31 -78 -54
99 -18 50
-54 -84 -8
82 -24 -59
-62 -40 92
-62 24 -36
-99 30 93
63 -71 -44
-41 -37 99
-66 -2 -26
-26 -29 -94
3 19 -76
-94 -85 3
99 -67 -42
61 28 -89
85 81 27
-39 87 92
34 91 -69
-32 97 65
75 87 -18
-46 -16 84
-74 37 82
-53 68 -43
-52 -20 81
-82 41 47
-91 24 -63
57 27 -50
68 51 62
-21 3 76
-86 64 95
67 27 -13
52 -69 -73
96 -62 89
-55 10 66
11 -7 26
-70 66 42
-18 68 23
47 -31 12
-57 -82 -17
56 93 -63
-52 19 32
-73 27 -87
42 -100 78
65 -47 25
30 -32 20
-22 68 74
30 -14 66
51 -8 81
-44 -26 -8
-15 -52 21
31 -7 83
32 -6 -47
47 -70 -17
-80 34 -57
78 25 -67
-100 -51 32
34 -18 27
-72 37 16
37 -5 7
95 2 -16
31 30 75
-86 63 -62
-57 48 -39
7 32 -12
19 43 30
94 -55 7
59 -15 26
-58 9 12
-60 -78 81
-60 -45 -89
49 -4 -67
-85 5 79
-22 73 36
34 87 -66
65 -17 -42
-52 -25 41
34 64 72
88 -30 73
-100 100 85
60 50 31
44 -73 87
47 -1 14
20 -16 85
58 72 -68
-98 -87 -38
21 -14 78
-47 58 5
-100 -55 21
-23 18 3
-29 20 79
-100 -31 -81
-5 57 52
1 -14 -96
-92 -47 18
-23 67 -88
-54 92 -74
97 6 -36
48 -57 -19
-1 72 -80
87 7 73
8 72 45
-55 -75 -14
91 -61 -4
-94 66 -30
95 92 25
-52 -73 89
98 34 63
4 42 88
-30 -89 -39
32 -86 10
43 -52 39
63 18 -17
-5 48 15
-53 94 87
18 -41 -5
-82 93 20
-85 -49 67
36 48 60
45 -54 26
-43 -73 42
16 32 -14
31 92 37
94 -63 -77
-72 62 -16
73 79 -27
20 93 44
59 42 -8
13 96 63
9 -7 85
1 57 -38
-36 -59 -45
10 -73 -32
97 22 -4
40 56 22
10 16 -14
-57 -59 15
52 -6 -49
-11 -66 76
-41 -65 62
62 -86 -49
-66 -30 -15
-99 75 -94
35 38 -17
79 -64 29
89 -24 81
-86 -70 -39
-11 87 85
51 14 72
12 -70 -74
11 19 -60
-82 -83 -38
-28 8 57
-58 -68 12
-36 27 -44
-67 9 53
-36 -91 47
70 68 96
34 -2 -20
93 -98 4
-99 17 40
69 18 -66
11 47 34
-32 -23 59
-29 36 1
30 -100 97
3 61 -8
65 61 -66
-65 -57 -63
-47 -60 2
-32 46 78
-25 2 -4
-66 -72 51
70 -78 16
61 87 77
45 3 36
-38 88 89
-19 -44 -46
8 91 -50
-63 82 -48
44 12 69
7 4 83
-23 -30 22
16 -28 -71
89 -64 22
-39 40 -99
77 58 -22
71 -94 -69
-35 -26 41
63 -67 -50
-31 32 -17
29 95 13
92 -22 49
16 -48 97
49 -77 -32
54 33 36
75 -85 16
51 -86 -29
-76 40 -94
-59 -68 -50
3 30 -76
-78 84 88
54 -37 99
26 -76 -17
48 -87 75
55 10 -11
-27 -97 -94
30 -34 24
-44 -60 30
68 -81 -62
-15 88 96
-60 -72 100
49 50 64
60 37 -71
-43 -40 -56
32 36 51
92 3 41
-21 -55 -20
57 -94 89
2 -87 -22
-8 61 -44
24 12 55
33 -15 28
45 71 19
-45 -73 78
16 1 -71
-39 90 -23
-17 -32 -50
1 -39 57
96 -15 31
86 89 -94
21 -60 82
-48 -84 -2
-2 -50 -16
-22 -68 -50
48 -68 -68
-89 -23 -90
95 13 55
-5 -42 -49
-4 -81 -90
-50 21 -66
-38 -15 -41
55 70 18
-34 64 80
30 -83 51
-80 14 75
69 -73 -61
28 -17 -70
-19 81 -40
-31 -30 -14
-55 -9 -87
-21 52 45
-11 3 -56
-92 -72 37
17 -15 -63
20 -70 20
10 32 -5
29 37 -45
-85 -4 -41
-40 95 89
3 -44 -81
-59 -54 53
-38 12 47
-37 30 89
-78 -51 79
-72 -73 4
27 -6 -20
-33 -99 -29
72 -58 76
20 72 77
48 93 -17
-96 33 37
-90 -60 -25
-62 -61 68
-11 -59 -59
63 75 3
-39 -59 -85
-17 -48 -69
-83 -95 93
-3 -27 97
-81 34 76
50 -95 87
21 24 82
-69 -51 -20
46 50 -59
51 89 -32
43 86 47
-17 -68 -34
90 -71 -7
29 -47 93
79 -93 -24
-51 56 27
67 -1 77
85 -27 73
64 36 86
1 -53 11
80 -100 10
27 8 19
100 39 63
-73 -2 -92
89 -59 86
5 62 -62
-4 68 5
44 30 -51
34 -30 11
22 18 56
53 93 99
76 -35 80
-88 24 57
-54 20 -65
25 56 76
-99 75 -4
-90 -6 -78
89 42 48
-39 -4 40
-16 97 -16
-95 -99 54
40 -41 81
72 -76 -74
-97 27 -90
80 -22 76
-50 45 34
95 91 88
-60 9 -33
-86 92 -7
6 93 22
100 73 48
-43 -31 -47
-58 -31 43
67 2 -99
-98 -55 -92
10 25 29
29 -45 60